0 0.064516
1 0.067385
2 0.075379
3 0.086961
4 0.101860
5 0.118957
6 0.137910
7 0.158658
8 0.181433
9 0.205852
10 0.232710
11 0.262366
12 0.295573
13 0.332653
14 0.374819
15 0.423288
16 0.479817
17 0.546507
18 0.627642
19 0.727433
20 0.855659
21 1.025554
22 1.262512
23 1.616458
24 2.205261
25 3.385007
26 6.951290
27 511.827980
28 7.012581
29 3.589439
30 2.436880
31 1.857536
32 1.508837
33 1.274981
34 1.107921
35 0.981570
36 0.883342
37 0.804370
38 0.739526
39 0.685554
40 0.638993
41 0.599008
42 0.564688
43 0.534295
44 0.507367
45 0.483165
46 0.461901
47 0.441633
48 0.424567
49 0.407987
50 0.392835
51 0.379447
52 0.366433
53 0.355567
54 0.343801
55 0.333603
56 0.324354
57 0.314743
58 0.306911
59 0.298660
60 0.291059
61 0.284068
62 0.277588
63 0.271113
64 0.265261
65 0.259781
66 0.254614
67 0.248756
68 0.244288
69 0.238916
70 0.234598
71 0.230258
72 0.226082
73 0.222250
74 0.217994
75 0.214382
76 0.210426
77 0.207579
78 0.204607
79 0.202226
80 0.200217
81 0.135460
82 0.188981
83 0.187205
84 0.184820
85 0.183039
86 0.180221
87 0.177787
88 0.175265
89 0.173125
90 0.170910
91 0.168776
92 0.166945
93 0.164589
94 0.162463
95 0.160661
96 0.158640
97 0.156629
98 0.155094
99 0.153056
100 0.151342
101 0.150189
102 0.148134
103 0.146495
104 0.145408
105 0.144110
106 0.141549
107 0.140363
108 0.139359
109 0.138171
110 0.136213
111 0.135044
112 0.133496
113 0.132717
114 0.130734
115 0.130014
116 0.128742
117 0.127754
118 0.126300
119 0.125506
120 0.124412
121 0.122955
122 0.121715
123 0.121003
124 0.120081
125 0.118897
126 0.117909
127 0.116761
128 0.115633
129 0.114987
130 0.114025
131 0.112982
132 0.112251
133 0.110262
134 0.109138
135 0.129703
136 0.110484
137 0.109031
138 0.108106
139 0.107230
140 0.106104
141 0.105238
142 0.104758
143 0.103883
144 0.102642
145 0.102653
146 0.101629
147 0.100843
148 0.100232
149 0.100150
150 0.098884
151 0.098319
152 0.097599
153 0.097196
154 0.096372
155 0.095900
156 0.094879
157 0.094675
158 0.093924
159 0.093492
160 0.092359
161 0.092153
162 0.091858
163 0.090997
164 0.090538
165 0.089960
166 0.089893
167 0.089120
168 0.088396
169 0.088078
170 0.087510
171 0.086777
172 0.086476
173 0.086145
174 0.085522
175 0.084982
176 0.084501
177 0.084122
178 0.083719
179 0.083255
180 0.082789
181 0.082611
182 0.082078
183 0.081576
184 0.081135
185 0.081225
186 0.081368
187 0.079572
188 0.080033
189 0.072314
190 0.077750
191 0.077947
192 0.077351
193 0.077339
194 0.076620
195 0.076686
196 0.076442
197 0.076162
198 0.075565
199 0.074436
200 0.074719
201 0.075115
202 0.074340
203 0.073823
204 0.073673
205 0.073363
206 0.072887
207 0.072992
208 0.072356
209 0.071961
210 0.071853
211 0.071932
212 0.071537
213 0.071111
214 0.070494
215 0.070386
216 0.069962
217 0.069654
218 0.069612
219 0.069382
220 0.068915
221 0.068577
222 0.068751
223 0.068011
224 0.067648
225 0.067287
226 0.067409
227 0.067155
228 0.066798
229 0.066529
230 0.065939
231 0.065905
232 0.065760
233 0.065559
234 0.065300
235 0.065253
236 0.064637
237 0.064778
238 0.064049
239 0.063978
240 0.063466
241 0.063143
242 0.063295
243 0.066622
244 0.063637
245 0.063554
246 0.063031
247 0.062587
248 0.062235
249 0.062401
250 0.061887
251 0.061616
252 0.061584
253 0.060842
254 0.061450
255 0.060777
256 0.061126
257 0.060400
258 0.060251
259 0.060250
260 0.059988
261 0.059706
262 0.059679
263 0.059779
264 0.059159
265 0.058931
266 0.058758
267 0.058987
268 0.058632
269 0.058119
270 0.058003
271 0.058163
272 0.058142
273 0.057742
274 0.057697
275 0.056818
276 0.057451
277 0.056918
278 0.057218
279 0.056775
280 0.056443
281 0.056501
282 0.056212
283 0.056154
284 0.056149
285 0.055952
286 0.055465
287 0.055621
288 0.055244
289 0.055697
290 0.055282
291 0.055120
292 0.056689
293 0.054212
294 0.054621
295 0.055077
296 0.054287
297 0.053303
298 0.054009
299 0.054078
300 0.054001
301 0.053582
302 0.053483
303 0.053548
304 0.053023
305 0.053378
306 0.053051
307 0.052962
308 0.052121
309 0.052020
310 0.052622
311 0.052495
312 0.052231
313 0.052187
314 0.051761
315 0.051861
316 0.051778
317 0.051475
318 0.051629
319 0.051105
320 0.051625
321 0.051124
322 0.051284
323 0.050954
324 0.050766
325 0.050536
326 0.050759
327 0.050260
328 0.050528
329 0.050259
330 0.050371
331 0.049973
332 0.050218
333 0.050031
334 0.050083
335 0.049781
336 0.050033
337 0.049679
338 0.049869
339 0.048946
340 0.049513
341 0.049570
342 0.048980
343 0.048740
344 0.048917
345 0.049003
346 0.050261
347 0.048471
348 0.048771
349 0.047853
350 0.048844
351 0.048613
352 0.048494
353 0.048545
354 0.048662
355 0.047652
356 0.048206
357 0.047781
358 0.047751
359 0.048136
360 0.048108
361 0.047770
362 0.047741
363 0.047269
364 0.047805
365 0.047473
366 0.047361
367 0.047293
368 0.047118
369 0.047265
370 0.047252
371 0.047459
372 0.046828
373 0.046507
374 0.046669
375 0.047080
376 0.046479
377 0.046722
378 0.046682
379 0.046357
380 0.046153
381 0.046275
382 0.046160
383 0.046251
384 0.046384
385 0.046457
386 0.045328
387 0.045986
388 0.045529
389 0.045439
390 0.045449
391 0.045862
392 0.045920
393 0.045923
394 0.045374
395 0.045441
396 0.045586
397 0.045557
398 0.045208
399 0.045733
400 0.045622
401 0.045641
402 0.045219
403 0.045443
404 0.045072
405 0.045564
406 0.045172
407 0.045205
408 0.044622
409 0.044909
410 0.044501
411 0.044400
412 0.044408
413 0.045212
414 0.044814
415 0.044749
416 0.044463
417 0.044515
418 0.044543
419 0.044429
420 0.044572
421 0.044272
422 0.043890
423 0.044402
424 0.043960
425 0.043682
426 0.044031
427 0.044338
428 0.044591
429 0.043998
430 0.044022
431 0.044212
432 0.043694
433 0.043952
434 0.044047
435 0.043709
436 0.043934
437 0.043699
438 0.043824
439 0.043643
440 0.043306
441 0.043461
442 0.043730
443 0.043780
444 0.043727
445 0.043438
446 0.043578
447 0.043567
448 0.043316
449 0.043245
450 0.043148
451 0.043431
452 0.042358
453 0.043418
454 0.043162
455 0.043017
456 0.043393
457 0.042091
458 0.043904
459 0.042547
460 0.043163
461 0.042794
462 0.042767
463 0.043286
464 0.042980
465 0.042654
466 0.042524
467 0.042840
468 0.042660
469 0.043023
470 0.043041
471 0.042609
472 0.042561
473 0.042574
474 0.042345
475 0.042525
476 0.042675
477 0.042329
478 0.042832
479 0.042422
480 0.042783
481 0.042718
482 0.042517
483 0.042698
484 0.042613
485 0.042510
486 0.042618
487 0.042634
488 0.042944
489 0.042593
490 0.042356
491 0.042885
492 0.042653
493 0.042472
494 0.042474
495 0.042370
496 0.042210
497 0.042678
498 0.042423
499 0.042278
500 0.042725
501 0.042756
502 0.042672
503 0.042527
504 0.042781
505 0.042880
506 0.041674
507 0.042660
508 0.042508
509 0.042014
510 0.042793
511 0.042711
512 0.041569
513 0.042697
514 0.042791
515 0.042010
516 0.042497
517 0.042644
518 0.041637
519 0.042867
520 0.042773
521 0.042510
522 0.042650
523 0.042728
524 0.042707
525 0.042253
526 0.042399
527 0.042645
528 0.042176
529 0.042338
530 0.042440
531 0.042433
532 0.042605
533 0.042849
534 0.042310
535 0.042541
536 0.042910
537 0.042585
538 0.042570
539 0.042456
540 0.042560
541 0.042645
542 0.042463
543 0.042659
544 0.042724
545 0.042370
546 0.042762
547 0.042265
548 0.042595
549 0.042452
550 0.042271
551 0.042493
552 0.042486
553 0.042528
554 0.042954
555 0.042947
556 0.042577
557 0.042755
558 0.042427
559 0.042562
560 0.042877
561 0.043185
562 0.042664
563 0.042688
564 0.043050
565 0.042403
566 0.043805
567 0.042001
568 0.043286
569 0.042909
570 0.043051
571 0.043299
572 0.042216
573 0.043320
574 0.043032
575 0.043126
576 0.043186
577 0.043437
578 0.043446
579 0.043308
580 0.043595
581 0.043642
582 0.043593
583 0.043324
584 0.043167
585 0.043491
586 0.043672
587 0.043547
588 0.043782
589 0.043547
590 0.043890
591 0.043788
592 0.043541
593 0.044046
594 0.043859
595 0.043831
596 0.044419
597 0.044173
598 0.043860
599 0.043507
600 0.043773
601 0.044218
602 0.043699
603 0.044080
604 0.044374
605 0.044244
606 0.044354
607 0.044319
608 0.044262
609 0.044555
610 0.044618
611 0.045023
612 0.044196
613 0.044185
614 0.044292
615 0.044696
616 0.044399
617 0.044980
618 0.044958
619 0.045379
620 0.044836
621 0.045197
622 0.044993
623 0.045406
624 0.045388
625 0.045502
626 0.044957
627 0.045309
628 0.045337
629 0.045192
630 0.045121
631 0.045671
632 0.045661
633 0.045602
634 0.045189
635 0.045171
636 0.045259
637 0.045709
638 0.045053
639 0.046172
640 0.046098
641 0.045969
642 0.045882
643 0.045988
644 0.045867
645 0.046061
646 0.046382
647 0.046423
648 0.046173
649 0.046765
650 0.046361
651 0.046197
652 0.046508
653 0.047143
654 0.046923
655 0.046936
656 0.046789
657 0.046968
658 0.047024
659 0.047133
660 0.047462
661 0.046930
662 0.047405
663 0.047422
664 0.047760
665 0.047795
666 0.047381
667 0.047415
668 0.047839
669 0.047282
670 0.048288
671 0.048164
672 0.048110
673 0.048150
674 0.048470
675 0.047473
676 0.048385
677 0.048081
678 0.049834
679 0.048595
680 0.048516
681 0.048333
682 0.048569
683 0.049150
684 0.049092
685 0.048531
686 0.049436
687 0.049244
688 0.049591
689 0.049335
690 0.049637
691 0.049591
692 0.049766
693 0.049524
694 0.049920
695 0.049802
696 0.050060
697 0.049785
698 0.050279
699 0.050055
700 0.050279
701 0.050473
702 0.050795
703 0.050631
704 0.051119
705 0.050587
706 0.051110
707 0.050962
708 0.051265
709 0.051332
710 0.051236
711 0.051644
712 0.051688
713 0.051946
714 0.052075
715 0.051470
716 0.051563
717 0.052388
718 0.052483
719 0.052800
720 0.052443
721 0.052964
722 0.052897
723 0.052990
724 0.053408
725 0.053477
726 0.053408
727 0.052768
728 0.053643
729 0.054441
730 0.053988
731 0.053570
732 0.056025
733 0.054470
734 0.054622
735 0.055043
736 0.054588
737 0.054948
738 0.054791
739 0.055266
740 0.055463
741 0.055453
742 0.055503
743 0.055801
744 0.055721
745 0.056051
746 0.056491
747 0.056184
748 0.056713
749 0.056068
750 0.056938
751 0.056982
752 0.057375
753 0.057386
754 0.057222
755 0.057326
756 0.057839
757 0.058188
758 0.057952
759 0.058107
760 0.058336
761 0.058938
762 0.058833
763 0.058860
764 0.059136
765 0.059384
766 0.059375
767 0.059517
768 0.060237
769 0.059876
770 0.060539
771 0.059932
772 0.060660
773 0.060679
774 0.060936
775 0.061437
776 0.061269
777 0.061617
778 0.062042
779 0.062555
780 0.062633
781 0.065489
782 0.062317
783 0.062120
784 0.062431
785 0.062932
786 0.062993
787 0.063710
788 0.063561
789 0.064170
790 0.064203
791 0.064461
792 0.064643
793 0.064776
794 0.064798
795 0.065372
796 0.065642
797 0.065979
798 0.066204
799 0.066095
800 0.066428
801 0.066782
802 0.067509
803 0.067327
804 0.067647
805 0.068102
806 0.068325
807 0.068349
808 0.068642
809 0.069059
810 0.069150
811 0.069752
812 0.070160
813 0.070549
814 0.070453
815 0.070546
816 0.070922
817 0.071542
818 0.071425
819 0.071885
820 0.072179
821 0.072313
822 0.072802
823 0.073570
824 0.073153
825 0.072845
826 0.073962
827 0.074537
828 0.074814
829 0.075027
830 0.074942
831 0.075652
832 0.075647
833 0.076225
834 0.076021
835 0.070724
836 0.078185
837 0.077678
838 0.079566
839 0.079376
840 0.079261
841 0.079679
842 0.080160
843 0.080658
844 0.080818
845 0.081259
846 0.081690
847 0.082073
848 0.082425
849 0.082877
850 0.083397
851 0.083996
852 0.084293
853 0.084575
854 0.085274
855 0.085813
856 0.086103
857 0.086792
858 0.087537
859 0.087576
860 0.088130
861 0.088547
862 0.089367
863 0.089645
864 0.089810
865 0.090905
866 0.091298
867 0.092016
868 0.092186
869 0.093173
870 0.093603
871 0.094390
872 0.094750
873 0.095436
874 0.095952
875 0.097178
876 0.097217
877 0.097773
878 0.098520
879 0.099496
880 0.099432
881 0.100620
882 0.101457
883 0.101883
884 0.102683
885 0.103763
886 0.104583
887 0.105439
888 0.106800
889 0.125804
890 0.105466
891 0.106427
892 0.108460
893 0.109094
894 0.110064
895 0.110954
896 0.111532
897 0.112587
898 0.113655
899 0.114576
900 0.115686
901 0.116519
902 0.117150
903 0.118315
904 0.119679
905 0.120685
906 0.121398
907 0.122763
908 0.123665
909 0.124828
910 0.125451
911 0.127331
912 0.128006
913 0.129437
914 0.130493
915 0.132352
916 0.133405
917 0.134292
918 0.135354
919 0.137782
920 0.138957
921 0.139907
922 0.141399
923 0.143312
924 0.144307
925 0.145870
926 0.147746
927 0.149101
928 0.150946
929 0.152797
930 0.154411
931 0.156329
932 0.158499
933 0.160114
934 0.162037
935 0.164037
936 0.165938
937 0.168216
938 0.170402
939 0.172975
940 0.174500
941 0.176618
942 0.178183
943 0.124988
944 0.188449
945 0.190210
946 0.192280
947 0.194893
948 0.197359
949 0.200913
950 0.204104
951 0.207912
952 0.211279
953 0.214958
954 0.218783
955 0.222556
956 0.227347
957 0.231210
958 0.236408
959 0.240901
960 0.245661
961 0.250733
962 0.256385
963 0.261991
964 0.268049
965 0.274652
966 0.281840
967 0.288518
968 0.296893
969 0.304814
970 0.313564
971 0.323778
972 0.332957
973 0.344118
974 0.355497
975 0.368432
976 0.382573
977 0.396938
978 0.414208
979 0.432118
980 0.452557
981 0.475232
982 0.500787
983 0.529537
984 0.563072
985 0.602064
986 0.647072
987 0.701105
988 0.766821
989 0.848427
990 0.953349
991 1.091779
992 1.285493
993 1.573960
994 2.053043
995 3.006003
996 5.839509
997 511.900245
998 5.673040
999 2.742138
1000 1.770428
1001 1.284801
1002 0.992398
1003 0.796262
1004 0.655369
1005 0.548780
1006 0.465735
1007 0.397926
1008 0.342104
1009 0.294660
1010 0.253917
1011 0.218387
1012 0.187288
1013 0.159619
1014 0.135334
1015 0.114031
1016 0.095735
1017 0.080567
1018 0.069830
1019 0.064756
1020 0.065425
1021 0.072209
1022 0.083081
1023 0.096315
